      5           1              151162
        10          29             903383
         6           7              971585
        10          28            986964
         9          21           1020541
         9          22           1036146
         8          16           1068467
         6           8            1141638
         5           3            1161286
         5           5            1169926
         8          19           1174421
         7          12           1182275
         7          11           1190421
         6          10           1196748
         6           9            1208959
        10          30          1216858
         5             2                1224992
           9             24              1224992
           9             23              1224992
           8          18           1253840
         7          15           1255591
         7          13           1310434
        10          27          1322747
         8          20           1413722
         6           6            1788836
        10          26          1808949
         5           4            1878275
         7          14           1929774
         8          17           1944281
         9          25           2232703